# generated by PrusaSlicer 2.6.1+win64 on 2023-09-08 at 10:46:38 UTC
autoemit_temperature_commands = 1
bed_custom_model = 
bed_custom_texture = 
bed_shape = 129.505x11.3302,128.025x22.5743,125.57x33.6465,122.16x44.4626,117.82x54.9404,112.583x65,106.49x74.5649,99.5858x83.5624,91.9239x91.9239,83.5624x99.5858,74.5649x106.49,65x112.583,54.9404x117.82,44.4626x122.16,33.6465x125.57,22.5743x128.025,11.3302x129.505,7.9602e-15x130,-11.3302x129.505,-22.5743x128.025,-33.6465x125.57,-44.4626x122.16,-54.9404x117.82,-65x112.583,-74.5649x106.49,-83.5624x99.5858,-91.9239x91.9239,-99.5858x83.5624,-106.49x74.5649,-112.583x65,-117.82x54.9404,-122.16x44.4626,-125.57x33.6465,-128.025x22.5743,-129.505x11.3302,-130x1.59204e-14,-129.505x-11.3302,-128.025x-22.5743,-125.57x-33.6465,-122.16x-44.4626,-117.82x-54.9404,-112.583x-65,-106.49x-74.5649,-99.5858x-83.5624,-91.9239x-91.9239,-83.5624x-99.5858,-74.5649x-106.49,-65x-112.583,-54.9404x-117.82,-44.4626x-122.16,-33.6465x-125.57,-22.5743x-128.025,-11.3302x-129.505,-2.38806e-14x-130,11.3302x-129.505,22.5743x-128.025,33.6465x-125.57,44.4626x-122.16,54.9404x-117.82,65x-112.583,74.5649x-106.49,83.5624x-99.5858,91.9239x-91.9239,99.5858x-83.5624,106.49x-74.5649,112.583x-65,117.82x-54.9404,122.16x-44.4626,125.57x-33.6465,128.025x-22.5743,129.505x-11.3302,130x-3.18408e-14
before_layer_gcode = ;BEFORE_LAYER_CHANGE\nM117 layer [layer_num] at [layer_z]mm\nG92 E0 ;
between_objects_gcode = 
color_change_gcode = M600
cooling_tube_length = 5
cooling_tube_retraction = 91.5
default_filament_profile = 
default_print_profile = 
deretract_speed = 30
end_gcode = ; printing object ENDGCODE\nEND_PRINT
extra_loading_move = -2
extruder_colour = #FFE004
extruder_offset = 0x0
gcode_flavor = klipper
high_current_on_filament_swap = 0
host_type = octoprint
inherits = 
layer_gcode = ;AFTER_LAYER_CHANGE\nM117 layer [layer_num] at [layer_z]mm
machine_limits_usage = time_estimate_only
machine_max_acceleration_e = 5000,5000
machine_max_acceleration_extruding = 5000,1250
machine_max_acceleration_retracting = 5000,1250
machine_max_acceleration_travel = 4000,1250
machine_max_acceleration_x = 5000,1000
machine_max_acceleration_y = 5000,1000
machine_max_acceleration_z = 1000,200
machine_max_feedrate_e = 100,120
machine_max_feedrate_x = 200,200
machine_max_feedrate_y = 200,200
machine_max_feedrate_z = 60,12
machine_max_jerk_e = 2,2.5
machine_max_jerk_x = 12,10
machine_max_jerk_y = 12,10
machine_max_jerk_z = 0.4,0.4
machine_min_extruding_rate = 0,0
machine_min_travel_rate = 0,0
max_layer_height = 0.32
max_print_height = 335
min_layer_height = 0.08
nozzle_diameter = 0.4
parking_pos_retraction = 92
pause_print_gcode = M601
print_host = 
printer_model = 
printer_notes = Don't remove the following keywords! These keywords are used in the "compatible printer" condition of the print and filament profiles to link the particular print and filament profiles to this printer profile.\nPRINTER_VENDOR_FLSUN\nPRINTER_MODEL_SR
printer_settings_id = CR-10
printer_technology = FFF
printer_variant = 
printer_vendor = 
printhost_apikey = 
printhost_cafile = 
remaining_times = 0
retract_before_travel = 2
retract_before_wipe = 50%
retract_layer_change = 1
retract_length = 3
retract_length_toolchange = 10
retract_lift = 0.6
retract_lift_above = 0
retract_lift_below = 0
retract_restart_extra = 0
retract_restart_extra_toolchange = 0
retract_speed = 30
silent_mode = 0
single_extruder_multi_material = 0
start_gcode = ; printing object STARTGCODE\nM104 S0;\nM140 S0;\nSTART_PRINT BED_TEMP_FL=[first_layer_bed_temperature] EXTRUDER_TEMP=[first_layer_temperature];
template_custom_gcode = 
thumbnails = 32x32,400x300
thumbnails_format = PNG
toolchange_gcode = 
use_firmware_retraction = 0
use_relative_e_distances = 1
use_volumetric_e = 0
variable_layer_height = 1
wipe = 1
z_offset = 0
